10	1542
20	534
30	305
40	180
50	120
60	75
70	72
80	58
90	48
100	29
110	33
120	29
130	25
140	19
150	16
160	18
170	9
180	15
190	17
200	15
210	9
220	12
230	8
240	6
250	7
260	6
270	5
280	8
290	8
300	5
310	6
320	3
330	3
340	6
360	5
370	4
380	6
390	5
400	1
410	2
420	3
430	1
440	10
450	3
460	2
470	8
480	1
490	4
500	2
510	3
520	4
530	2
540	1
560	2
570	7
580	3
630	1
640	1
650	1
660	1
670	3
680	1
690	2
700	4
710	1
720	2
730	1
740	1
750	2
770	1
790	1
810	1
820	3
840	1
850	2
860	1
880	3
900	1
910	2
930	1
950	2
960	1
970	1
980	1
1070	3
1080	1
1090	1
1120	1
1130	1
1140	1
1170	1
1190	1
1210	1
1230	2
1250	1
1300	1
1380	1
1390	1
1480	1
1500	1
1520	2
1570	1
1670	1
1740	1
1770	1
1930	1
2010	1
2030	1
2050	1
2110	1
2250	1
2340	1
2580	1
2620	1
2740	1
3130	1
3160	1
3350	1
3420	1
3520	1
4030	1
4330	1
4650	1
5060	1
5480	1
6410	1
9360	1
9380	1
11530	1
11650	1
13700	1
14570	1
18650	1
37180	1
1	82260
11	1331
21	505
31	264
41	194
51	132
61	92
71	74
81	55
91	54
101	29
111	23
121	28
131	26
141	31
151	25
161	16
171	18
181	16
191	11
201	16
211	15
221	6
231	7
241	11
251	9
261	5
271	9
281	3
291	6
301	7
311	4
321	4
341	3
351	5
361	4
371	1
381	1
391	4
401	5
411	2
421	5
431	4
441	3
451	1
461	2
471	3
481	3
491	3
501	3
511	4
521	3
531	2
541	1
551	1
561	4
571	1
581	3
591	2
601	5
611	1
631	1
641	2
661	2
671	2
681	2
691	1
711	3
731	1
751	1
761	2
791	2
801	1
821	1
831	3
841	1
881	2
901	2
911	2
921	1
931	1
941	1
951	3
961	1
971	1
1001	1
1031	1
1051	1
1151	1
1291	1
1331	1
1391	1
1421	1
1491	2
1561	1
1601	1
1631	1
1691	2
1701	1
1721	1
1871	1
1881	1
1971	1
2171	1
2231	1
2261	1
2401	1
2571	1
2611	2
2751	1
2981	1
3141	1
3781	1
4811	1
4891	1
4931	1
5001	1
5171	1
7561	1
9461	1
9681	1
13341	1
14621	1
17471	1
18061	1
54961	1
95071	1
2	24103
12	1198
22	476
32	257
42	198
52	120
62	83
72	66
82	61
92	46
102	39
112	39
122	34
132	26
142	24
152	17
162	14
172	18
182	6
192	18
202	13
212	13
222	6
232	7
242	15
252	7
262	7
272	4
282	5
292	3
302	9
312	3
322	6
332	8
342	4
352	4
362	5
372	3
382	4
392	4
402	3
412	1
422	3
432	5
442	2
452	1
462	4
472	3
482	2
492	2
502	3
512	1
532	4
542	1
552	5
562	4
572	2
582	1
602	2
622	4
632	1
642	3
652	1
682	4
692	1
702	1
712	2
722	1
732	1
742	1
752	3
772	2
782	2
792	1
802	1
812	1
832	2
842	1
852	1
862	1
872	4
882	1
902	1
922	1
932	2
942	2
952	1
962	1
972	1
982	1
1002	2
1012	1
1042	1
1062	1
1072	1
1082	1
1092	1
1102	1
1192	1
1212	1
1232	1
1252	2
1272	1
1282	1
1312	1
1322	1
1332	2
1392	1
1492	1
1552	1
1562	1
1582	1
1622	1
1652	1
1662	1
1672	1
1702	1
1722	1
1772	1
1882	1
1912	1
1972	1
2002	1
2012	1
2132	1
2282	1
2892	1
3022	1
3402	1
3432	1
3612	1
3662	1
4392	1
4472	1
5372	1
6802	1
7162	1
7552	1
8532	1
10922	1
14602	1
29832	1
30072	1
45862	1
62422	1
86552	1
238912	1
3	10824
13	1008
23	398
33	253
43	180
53	98
63	102
73	67
83	54
93	53
103	37
113	22
123	21
133	24
143	26
153	24
163	12
173	21
183	20
193	17
203	12
213	9
223	8
233	10
243	8
253	13
263	12
273	7
283	9
293	7
303	6
313	9
323	10
333	4
343	5
353	6
363	1
383	6
393	4
403	7
413	3
423	3
433	5
443	7
453	1
473	3
483	2
493	2
503	5
513	2
523	4
533	1
543	1
553	1
563	3
573	2
583	1
593	2
603	1
613	2
623	1
643	1
653	5
663	2
693	1
733	3
763	1
773	1
783	3
793	1
813	2
823	1
843	1
853	1
873	2
893	2
903	2
943	1
963	1
1043	1
1053	1
1073	1
1123	2
1173	1
1243	1
1253	1
1343	1
1363	1
1413	1
1423	1
1473	1
1483	1
1633	1
1713	2
1773	1
1983	1
2023	1
2033	1
2063	1
2083	1
2103	1
2113	1
2213	1
2263	1
2343	1
2423	1
2463	1
2683	1
2763	1
2913	1
3013	1
3133	1
3993	1
4083	1
4523	1
5273	1
5283	1
5683	1
6093	1
6473	1
6543	1
6933	1
8133	1
9683	1
9923	1
10173	1
10243	1
12683	1
14703	1
32543	1
35743	1
44433	1
65033	1
4	7149
14	926
24	384
34	262
44	174
54	116
64	80
74	75
84	57
94	47
104	50
114	23
124	25
134	29
144	17
154	20
164	23
174	20
184	12
194	18
204	16
214	13
224	9
234	11
244	6
254	15
264	8
274	1
284	5
294	7
304	7
314	4
324	7
334	6
344	5
354	1
364	2
374	5
384	5
394	3
404	4
414	3
424	4
434	4
444	2
454	4
464	3
474	5
484	8
494	4
504	2
514	4
524	3
534	1
544	2
554	1
564	4
574	2
594	2
604	2
614	2
624	3
634	1
644	1
654	3
664	1
674	1
684	1
694	1
704	2
714	2
724	1
744	1
754	1
764	2
774	1
784	1
814	1
824	1
834	1
844	4
854	2
864	1
874	2
894	2
944	1
954	1
984	1
1024	1
1034	1
1044	1
1074	1
1084	1
1104	1
1134	1
1144	1
1164	1
1174	1
1194	1
1204	2
1224	2
1254	1
1264	1
1294	1
1334	1
1344	2
1354	1
1374	2
1464	1
1514	2
1574	1
1604	1
1624	1
1724	1
2054	1
2214	1
2254	1
2284	1
2374	1
2754	1
2904	1
3264	1
3374	1
3584	1
3674	1
3984	1
4434	1
4544	1
4564	1
4824	1
5004	1
5394	1
6664	1
7564	1
9314	1
11104	1
12154	1
14804	1
15854	1
15914	1
21774	1
30264	1
120364	1
5	4660
15	832
25	356
35	219
45	168
55	110
65	90
75	77
85	54
95	47
105	34
115	25
125	29
135	22
145	14
155	19
165	16
175	18
185	16
195	23
205	6
215	9
225	10
235	11
245	11
255	7
265	6
275	10
285	6
295	8
305	7
315	4
325	8
335	3
345	9
355	8
365	2
375	6
385	5
395	3
405	1
415	4
425	3
435	3
445	5
455	4
465	3
475	1
485	4
495	3
505	3
515	1
525	2
535	6
545	1
555	2
565	1
575	5
585	2
595	3
615	1
645	1
655	2
665	1
675	3
685	1
695	3
705	3
735	1
745	2
755	2
775	1
785	2
795	1
815	3
825	1
835	1
845	1
855	1
865	1
875	1
925	2
935	2
945	1
955	1
985	1
995	2
1005	1
1015	1
1075	1
1085	1
1105	1
1115	1
1135	1
1185	2
1235	1
1265	1
1355	1
1365	1
1405	1
1425	1
1435	1
1455	1
1585	1
1605	1
1625	1
1635	1
1655	1
1675	1
1735	1
1815	1
1975	2
1995	1
2095	1
2115	1
2135	1
2215	1
2245	1
2255	1
2545	1
2605	1
2745	1
2775	1
2925	1
3005	1
3025	1
3075	1
3405	1
3605	1
3915	1
4275	1
5845	1
8705	1
12555	1
13785	1
13905	1
18795	1
20755	1
22715	1
26055	1
33405	1
6	3546
16	751
26	369
36	251
46	147
56	100
66	88
76	64
86	47
96	39
106	40
116	30
126	31
136	22
146	27
156	15
166	13
176	15
186	13
196	7
206	11
216	11
226	10
236	9
246	7
256	8
266	4
276	9
286	12
296	10
306	3
316	3
326	7
336	5
346	4
356	5
366	5
376	6
386	3
396	1
406	4
416	4
426	3
436	2
446	3
456	4
466	2
476	5
486	3
496	3
506	2
516	3
526	2
536	3
546	1
556	3
566	2
576	2
586	2
596	1
606	3
616	1
626	3
636	1
646	1
656	1
676	2
686	2
696	3
706	2
716	2
736	2
756	3
766	1
796	1
806	2
836	4
866	2
876	2
886	1
906	2
946	1
966	1
976	2
1016	1
1056	1
1066	2
1126	1
1136	1
1146	2
1156	2
1246	2
1266	1
1286	1
1296	1
1316	1
1326	1
1336	1
1386	1
1476	1
1536	1
1576	1
1606	2
1636	1
1646	1
1726	1
1756	1
1776	1
1796	1
1806	1
1836	1
1846	1
1916	1
2046	1
2076	1
2096	1
2146	1
2176	1
2206	1
2266	1
2386	1
2576	1
2996	1
3236	1
4056	1
4236	1
4786	1
4796	1
5146	1
5536	1
6676	1
7226	1
7236	1
7266	1
7816	1
7976	2
8596	1
8876	1
12296	1
16296	1
20356	1
22556	1
29916	1
70076	1
80666	1
7	2686
17	667
27	374
37	177
47	163
57	96
67	82
77	68
87	47
97	37
107	35
117	27
127	33
137	24
147	15
157	21
167	24
177	11
187	22
197	23
207	18
217	6
227	13
237	6
247	10
257	11
267	4
277	8
287	7
297	3
307	3
317	11
327	5
337	4
347	11
357	5
367	7
377	3
387	9
397	2
407	3
417	4
427	1
437	4
447	3
457	3
467	1
477	2
487	3
497	5
507	1
527	3
537	2
547	2
557	2
567	1
577	2
587	1
597	2
607	3
617	2
627	1
637	2
647	1
657	5
677	1
687	1
697	1
707	1
717	1
727	4
737	1
747	1
757	3
777	1
807	2
817	1
847	1
857	1
867	1
877	1
917	3
937	2
977	1
987	1
997	1
1017	1
1037	2
1067	1
1077	2
1097	1
1107	1
1147	2
1157	1
1207	2
1227	1
1277	1
1307	1
1327	1
1417	1
1447	1
1497	1
1507	1
1607	2
1637	1
1647	1
1687	1
1767	1
1777	1
1837	2
1857	1
1937	1
1947	2
2347	1
2427	1
2507	1
2607	1
2747	1
2807	1
3047	1
3147	1
3997	1
4317	1
4577	1
4907	1
5197	1
5927	1
5977	1
6647	1
6727	1
9097	1
14267	1
21947	1
28557	1
29227	1
105067	1
8	2272
18	647
28	343
38	187
48	141
58	95
68	73
78	83
88	37
98	41
108	32
118	38
128	30
138	28
148	25
158	24
168	20
178	11
188	10
198	14
208	15
218	7
228	7
238	5
248	9
258	8
268	6
278	4
288	3
298	3
308	3
318	6
328	4
338	4
348	3
358	2
368	4
378	4
388	1
398	6
408	6
418	5
428	6
438	6
448	1
458	1
468	3
478	2
498	2
508	5
518	1
528	2
548	3
558	1
568	3
578	2
588	2
598	2
608	1
618	2
628	2
668	2
678	3
688	3
698	2
708	2
718	2
738	2
748	1
768	1
778	1
798	1
808	1
818	3
828	2
848	3
868	1
878	1
888	2
898	3
908	1
978	1
1068	1
1078	1
1098	1
1108	1
1158	1
1178	1
1198	1
1228	1
1238	1
1278	1
1288	1
1298	1
1328	1
1338	1
1378	1
1388	1
1408	1
1488	2
1518	2
1548	1
1588	1
1608	1
1648	1
1698	1
1708	1
1748	1
1758	1
1818	1
1918	1
1958	1
2018	1
2138	1
2318	1
2488	1
2508	1
2588	1
2668	1
2778	1
2938	1
2958	1
2978	1
3018	1
3488	1
3588	1
5108	1
5168	1
5468	1
5928	1
7658	1
8198	1
8488	1
10898	1
15308	1
16188	1
16368	1
107308	1
9	1764
19	574
29	276
39	178
49	141
59	94
69	77
79	46
89	46
99	41
109	29
119	32
129	26
139	31
149	24
159	10
169	12
179	19
189	8
199	22
209	14
219	11
229	10
239	9
249	11
259	5
269	11
279	7
289	7
299	4
309	9
319	4
329	4
339	9
349	8
359	2
369	3
379	5
389	4
399	3
409	4
419	2
429	3
439	3
449	1
459	2
469	3
479	2
489	2
499	3
509	1
519	2
529	2
539	3
559	2
569	1
579	1
589	2
599	2
619	1
629	1
639	4
649	5
669	1
679	2
689	1
709	1
729	1
739	1
749	1
769	3
779	2
789	1
809	2
819	1
829	2
869	1
879	3
889	1
919	1
949	2
1039	1
1049	1
1059	1
1089	1
1109	1
1139	1
1149	1
1219	1
1239	1
1329	1
1419	1
1489	1
1499	1
1549	1
1569	1
1639	1
1689	1
1699	1
1719	1
1739	2
1749	1
1809	1
1889	1
1909	1
1969	1
2059	1
2129	1
2209	1
2309	1
2339	1
2359	2
2369	1
2519	1
2579	1
2599	1
2629	1
2699	1
2839	1
3069	1
3539	1
3599	1
3719	1
3939	1
3999	2
4039	1
4179	1
4199	1
4489	1
4529	1
5859	1
6799	1
8299	1
9209	1
11469	1
17419	1
17559	1
24149	1
30809	1
