1	82260
2	24103
3	10824
4	7149
5	4660
6	3546
7	2686
8	2272
9	1764
10	1542
11	1331
12	1198
13	1008
14	926
15	832
16	751
17	667
18	647
19	574
20	534
21	505
22	476
23	398
24	384
25	356
26	369
27	374
28	343
29	276
30	305
31	264
32	257
33	253
34	262
35	219
36	251
37	177
38	187
39	178
40	180
41	194
42	198
43	180
44	174
45	168
46	147
47	163
48	141
49	141
50	120
51	132
52	120
53	98
54	116
55	110
56	100
57	96
58	95
59	94
60	75
61	92
62	83
63	102
64	80
65	90
66	88
67	82
68	73
69	77
70	72
71	74
72	66
73	67
74	75
75	77
76	64
77	68
78	83
79	46
80	58
81	55
82	61
83	54
84	57
85	54
86	47
87	47
88	37
89	46
90	48
91	54
92	46
93	53
94	47
95	47
96	39
97	37
98	41
99	41
100	29
101	29
102	39
103	37
104	50
105	34
106	40
107	35
108	32
109	29
110	33
111	23
112	39
113	22
114	23
115	25
116	30
117	27
118	38
119	32
120	29
121	28
122	34
123	21
124	25
125	29
126	31
127	33
128	30
129	26
130	25
131	26
132	26
133	24
134	29
135	22
136	22
137	24
138	28
139	31
140	19
141	31
142	24
143	26
144	17
145	14
146	27
147	15
148	25
149	24
150	16
151	25
152	17
153	24
154	20
155	19
156	15
157	21
158	24
159	10
160	18
161	16
162	14
163	12
164	23
165	16
166	13
167	24
168	20
169	12
170	9
171	18
172	18
173	21
174	20
175	18
176	15
177	11
178	11
179	19
180	15
181	16
182	6
183	20
184	12
185	16
186	13
187	22
188	10
189	8
190	17
191	11
192	18
193	17
194	18
195	23
196	7
197	23
198	14
199	22
200	15
201	16
202	13
203	12
204	16
205	6
206	11
207	18
208	15
209	14
210	9
211	15
212	13
213	9
214	13
215	9
216	11
217	6
218	7
219	11
220	12
221	6
222	6
223	8
224	9
225	10
226	10
227	13
228	7
229	10
230	8
231	7
232	7
233	10
234	11
235	11
236	9
237	6
238	5
239	9
240	6
241	11
242	15
243	8
244	6
245	11
246	7
247	10
248	9
249	11
250	7
251	9
252	7
253	13
254	15
255	7
256	8
257	11
258	8
259	5
260	6
261	5
262	7
263	12
264	8
265	6
266	4
267	4
268	6
269	11
270	5
271	9
272	4
273	7
274	1
275	10
276	9
277	8
278	4
279	7
280	8
281	3
282	5
283	9
284	5
285	6
286	12
287	7
288	3
289	7
290	8
291	6
292	3
293	7
294	7
295	8
296	10
297	3
298	3
299	4
300	5
301	7
302	9
303	6
304	7
305	7
306	3
307	3
308	3
309	9
310	6
311	4
312	3
313	9
314	4
315	4
316	3
317	11
318	6
319	4
320	3
321	4
322	6
323	10
324	7
325	8
326	7
327	5
328	4
329	4
330	3
332	8
333	4
334	6
335	3
336	5
337	4
338	4
339	9
340	6
341	3
342	4
343	5
344	5
345	9
346	4
347	11
348	3
349	8
351	5
352	4
353	6
354	1
355	8
356	5
357	5
358	2
359	2
360	5
361	4
362	5
363	1
364	2
365	2
366	5
367	7
368	4
369	3
370	4
371	1
372	3
374	5
375	6
376	6
377	3
378	4
379	5
380	6
381	1
382	4
383	6
384	5
385	5
386	3
387	9
388	1
389	4
390	5
391	4
392	4
393	4
394	3
395	3
396	1
397	2
398	6
399	3
400	1
401	5
402	3
403	7
404	4
405	1
406	4
407	3
408	6
409	4
410	2
411	2
412	1
413	3
414	3
415	4
416	4
417	4
418	5
419	2
420	3
421	5
422	3
423	3
424	4
425	3
426	3
427	1
428	6
429	3
430	1
431	4
432	5
433	5
434	4
435	3
436	2
437	4
438	6
439	3
440	10
441	3
442	2
443	7
444	2
445	5
446	3
447	3
448	1
449	1
450	3
451	1
452	1
453	1
454	4
455	4
456	4
457	3
458	1
459	2
460	2
461	2
462	4
464	3
465	3
466	2
467	1
468	3
469	3
470	8
471	3
472	3
473	3
474	5
475	1
476	5
477	2
478	2
479	2
480	1
481	3
482	2
483	2
484	8
485	4
486	3
487	3
489	2
490	4
491	3
492	2
493	2
494	4
495	3
496	3
497	5
498	2
499	3
500	2
501	3
502	3
503	5
504	2
505	3
506	2
507	1
508	5
509	1
510	3
511	4
512	1
513	2
514	4
515	1
516	3
518	1
519	2
520	4
521	3
523	4
524	3
525	2
526	2
527	3
528	2
529	2
530	2
531	2
532	4
533	1
534	1
535	6
536	3
537	2
539	3
540	1
541	1
542	1
543	1
544	2
545	1
546	1
547	2
548	3
551	1
552	5
553	1
554	1
555	2
556	3
557	2
558	1
559	2
560	2
561	4
562	4
563	3
564	4
565	1
566	2
567	1
568	3
569	1
570	7
571	1
572	2
573	2
574	2
575	5
576	2
577	2
578	2
579	1
580	3
581	3
582	1
583	1
585	2
586	2
587	1
588	2
589	2
591	2
593	2
594	2
595	3
596	1
597	2
598	2
599	2
601	5
602	2
603	1
604	2
606	3
607	3
608	1
611	1
613	2
614	2
615	1
616	1
617	2
618	2
619	1
622	4
623	1
624	3
626	3
627	1
628	2
629	1
630	1
631	1
632	1
634	1
636	1
637	2
639	4
640	1
641	2
642	3
643	1
644	1
645	1
646	1
647	1
649	5
650	1
652	1
653	5
654	3
655	2
656	1
657	5
660	1
661	2
663	2
664	1
665	1
668	2
669	1
670	3
671	2
674	1
675	3
676	2
677	1
678	3
679	2
680	1
681	2
682	4
684	1
685	1
686	2
687	1
688	3
689	1
690	2
691	1
692	1
693	1
694	1
695	3
696	3
697	1
698	2
700	4
702	1
704	2
705	3
706	2
707	1
708	2
709	1
710	1
711	3
712	2
714	2
716	2
717	1
718	2
720	2
722	1
724	1
727	4
729	1
730	1
731	1
732	1
733	3
735	1
736	2
737	1
738	2
739	1
740	1
742	1
744	1
745	2
747	1
748	1
749	1
750	2
751	1
752	3
754	1
755	2
756	3
757	3
761	2
763	1
764	2
766	1
768	1
769	3
770	1
772	2
773	1
774	1
775	1
777	1
778	1
779	2
782	2
783	3
784	1
785	2
789	1
790	1
791	2
792	1
793	1
795	1
796	1
798	1
801	1
802	1
806	2
807	2
808	1
809	2
810	1
812	1
813	2
814	1
815	3
817	1
818	3
819	1
820	3
821	1
823	1
824	1
825	1
828	2
829	2
831	3
832	2
834	1
835	1
836	4
840	1
841	1
842	1
843	1
844	4
845	1
847	1
848	3
850	2
852	1
853	1
854	2
855	1
857	1
860	1
862	1
864	1
865	1
866	2
867	1
868	1
869	1
872	4
873	2
874	2
875	1
876	2
877	1
878	1
879	3
880	3
881	2
882	1
886	1
888	2
889	1
893	2
894	2
898	3
900	1
901	2
902	1
903	2
906	2
908	1
910	2
911	2
917	3
919	1
921	1
922	1
925	2
930	1
931	1
932	2
935	2
937	2
941	1
942	2
943	1
944	1
945	1
946	1
949	2
950	2
951	3
952	1
954	1
955	1
960	1
961	1
962	1
963	1
966	1
970	1
971	1
972	1
976	2
977	1
978	1
980	1
982	1
984	1
985	1
987	1
995	2
997	1
1001	1
1002	2
1005	1
1012	1
1015	1
1016	1
1017	1
1024	1
1031	1
1034	1
1037	2
1039	1
1042	1
1043	1
1044	1
1049	1
1051	1
1053	1
1056	1
1059	1
1062	1
1066	2
1067	1
1068	1
1070	3
1072	1
1073	1
1074	1
1075	1
1077	2
1078	1
1080	1
1082	1
1084	1
1085	1
1089	1
1090	1
1092	1
1097	1
1098	1
1102	1
1104	1
1105	1
1107	1
1108	1
1109	1
1115	1
1120	1
1123	2
1126	1
1130	1
1134	1
1135	1
1136	1
1139	1
1140	1
1144	1
1146	2
1147	2
1149	1
1151	1
1156	2
1157	1
1158	1
1164	1
1170	1
1173	1
1174	1
1178	1
1185	2
1190	1
1192	1
1194	1
1198	1
1204	2
1207	2
1210	1
1212	1
1219	1
1224	2
1227	1
1228	1
1230	2
1232	1
1235	1
1238	1
1239	1
1243	1
1246	2
1250	1
1252	2
1253	1
1254	1
1264	1
1265	1
1266	1
1272	1
1277	1
1278	1
1282	1
1286	1
1288	1
1291	1
1294	1
1296	1
1298	1
1300	1
1307	1
1312	1
1316	1
1322	1
1326	1
1327	1
1328	1
1329	1
1331	1
1332	2
1334	1
1336	1
1338	1
1343	1
1344	2
1354	1
1355	1
1363	1
1365	1
1374	2
1378	1
1380	1
1386	1
1388	1
1390	1
1391	1
1392	1
1405	1
1408	1
1413	1
1417	1
1419	1
1421	1
1423	1
1425	1
1435	1
1447	1
1455	1
1464	1
1473	1
1476	1
1480	1
1483	1
1488	2
1489	1
1491	2
1492	1
1497	1
1499	1
1500	1
1507	1
1514	2
1518	2
1520	2
1536	1
1548	1
1549	1
1552	1
1561	1
1562	1
1569	1
1570	1
1574	1
1576	1
1582	1
1585	1
1588	1
1601	1
1604	1
1605	1
1606	2
1607	2
1608	1
1622	1
1624	1
1625	1
1631	1
1633	1
1635	1
1636	1
1637	1
1639	1
1646	1
1647	1
1648	1
1652	1
1655	1
1662	1
1670	1
1672	1
1675	1
1687	1
1689	1
1691	2
1698	1
1699	1
1701	1
1702	1
1708	1
1713	2
1719	1
1721	1
1722	1
1724	1
1726	1
1735	1
1739	2
1740	1
1748	1
1749	1
1756	1
1758	1
1767	1
1770	1
1772	1
1773	1
1776	1
1777	1
1796	1
1806	1
1809	1
1815	1
1818	1
1836	1
1837	2
1846	1
1857	1
1871	1
1881	1
1882	1
1889	1
1909	1
1912	1
1916	1
1918	1
1930	1
1937	1
1947	2
1958	1
1969	1
1971	1
1972	1
1975	2
1983	1
1995	1
2002	1
2010	1
2012	1
2018	1
2023	1
2030	1
2033	1
2046	1
2050	1
2054	1
2059	1
2063	1
2076	1
2083	1
2095	1
2096	1
2103	1
2110	1
2113	1
2115	1
2129	1
2132	1
2135	1
2138	1
2146	1
2171	1
2176	1
2206	1
2209	1
2213	1
2214	1
2215	1
2231	1
2245	1
2250	1
2254	1
2255	1
2261	1
2263	1
2266	1
2282	1
2284	1
2309	1
2318	1
2339	1
2340	1
2343	1
2347	1
2359	2
2369	1
2374	1
2386	1
2401	1
2423	1
2427	1
2463	1
2488	1
2507	1
2508	1
2519	1
2545	1
2571	1
2576	1
2579	1
2580	1
2588	1
2599	1
2605	1
2607	1
2611	2
2620	1
2629	1
2668	1
2683	1
2699	1
2740	1
2745	1
2747	1
2751	1
2754	1
2763	1
2775	1
2778	1
2807	1
2839	1
2892	1
2904	1
2913	1
2925	1
2938	1
2958	1
2978	1
2981	1
2996	1
3005	1
3013	1
3018	1
3022	1
3025	1
3047	1
3069	1
3075	1
3130	1
3133	1
3141	1
3147	1
3160	1
3236	1
3264	1
3350	1
3374	1
3402	1
3405	1
3420	1
3432	1
3488	1
3520	1
3539	1
3584	1
3588	1
3599	1
3605	1
3612	1
3662	1
3674	1
3719	1
3781	1
3915	1
3939	1
3984	1
3993	1
3997	1
3999	2
4030	1
4039	1
4056	1
4083	1
4179	1
4199	1
4236	1
4275	1
4317	1
4330	1
4392	1
4434	1
4472	1
4489	1
4523	1
4529	1
4544	1
4564	1
4577	1
4650	1
4786	1
4796	1
4811	1
4824	1
4891	1
4907	1
4931	1
5001	1
5004	1
5060	1
5108	1
5146	1
5168	1
5171	1
5197	1
5273	1
5283	1
5372	1
5394	1
5468	1
5480	1
5536	1
5683	1
5845	1
5859	1
5927	1
5928	1
5977	1
6093	1
6410	1
6473	1
6543	1
6647	1
6664	1
6676	1
6727	1
6799	1
6802	1
6933	1
7162	1
7226	1
7236	1
7266	1
7552	1
7561	1
7564	1
7658	1
7816	1
7976	2
8133	1
8198	1
8299	1
8488	1
8532	1
8596	1
8705	1
8876	1
9097	1
9209	1
9314	1
9360	1
9380	1
9461	1
9681	1
9683	1
9923	1
10173	1
10243	1
10898	1
10922	1
11104	1
11469	1
11530	1
11650	1
12154	1
12296	1
12555	1
12683	1
13341	1
13700	1
13785	1
13905	1
14267	1
14570	1
14602	1
14621	1
14703	1
14804	1
15308	1
15854	1
15914	1
16188	1
16296	1
16368	1
17419	1
17471	1
17559	1
18061	1
18650	1
18795	1
20356	1
20755	1
21774	1
21947	1
22556	1
22715	1
24149	1
26055	1
28557	1
29227	1
29832	1
29916	1
30072	1
30264	1
30809	1
32543	1
33405	1
35743	1
37180	1
44433	1
45862	1
54961	1
62422	1
65033	1
70076	1
80666	1
86552	1
95071	1
105067	1
107308	1
120364	1
238912	1
